0.02516886
0.02647423
0.02763114
0.02743781
0.03135383
0.02229889
0.01876675
0.02372171
0.02175889
0.02435243
0.02944746
0.02650643
0.02614227
0.02064324
0.0209012
0.02095937
0.02435363
0.03005841
0.38642015
0.03143273
0.
0.03741905
0.06547588
0.02279472
0.02411597
0.02370266
0.02604385
0.02625437
0.0230279
0.02420054
0.0235594
0.02758094
0.03889442
0.02083149
0.01989651
0.03504453
0.03176738
0.02565655
0.0340535
0.02739682
0.02017295
0.02478562
0.0699153
0.02604177
0.02373354
0.02846001
0.03696909
0.02872005
0.07187445
0.03310657
0.02489001
0.0302427
0.0474951
0.01990876
0.02423223
0.02469997
0.02680829
0.07414179
0.07473753
0.02102471
0.02054822
0.01795917
0.02525811
0.02318885
0.02162455
0.02795527
0.01990298
0.02448349
0.06111939
0.02398168
0.02480156
0.02727224
0.02976234
0.06049989
0.02567592
0.02687727
0.03425038
0.02448864
0.02484514
0.02518797
0.02839887
0.03408708
0.0318904
0.02866136
0.27171001
0.0401047
0.07330521
0.51900199
0.56920228
0.02840985
0.02691835
0.02046321
0.02659347
0.01937104
0.01814693
0.03089959
0.02447567
0.05101307
0.02245276
0.07342651
0.29035332
0.02695871
0.01979091
0.06535021
0.02880359
0.01887471
0.02043306
0.02462036
0.02254284
0.01980709
0.0187788
0.018915
0.02290216
0.0210487
0.02355715
0.0200466
0.02311668
0.01894355
0.0223976
0.01896973
0.01964004
0.01909505
0.02146693
0.01827029
0.02173569
0.0235972
0.01786775
0.02461985
0.02531151
0.02274897
0.01922293
0.02012824
0.01893626
0.01993061
0.01792112
0.02414722
0.02240226
0.02312392
0.0205007
0.02170925
0.02292261
0.02587047
0.01982864
0.02190769
0.02076647
0.02149124
0.02422372
0.02175788
0.02488213
0.02433416
0.02362044
0.02483336
0.02331242
0.01893937
0.02233811
0.01934303
0.02350837
0.02499133
0.02273674
0.02130684
0.02445963
0.02046392
0.02325745
0.0267932
0.02201275
0.01725986
0.0221655
0.02116724
0.02498609
0.02086738
0.02209535
0.02600032
0.02322792
0.02649148
0.02437818
0.05224512
0.16389205
0.05372428
0.15234531
0.13229972
0.01959822
0.12019967
0.01844741
0.
0.
0.
0.
0.02821349
0.0466756
0.02759218
0.05909881
0.02544033
0.02361946
0.0270277
0.02190942
0.02207945
0.02365287
0.0200585
0.02186822
0.02328522
0.02128846
0.01823865
0.02074624
0.02347326
0.02450736
0.02046524
0.02315768
0.02163355
0.02225642
0.01830638
0.01858986
0.02164611
0.02391284
0.02268099
0.02354944
0.02124747
0.02232806
0.02195424
0.02246938
0.01810224
0.02054249
0.02322592
0.01917558
0.02484349
0.02268929
0.02446433
0.02519533
0.02244605
0.02418464
0.01944909
0.02426536
0.01923494
0.02135932
0.02186537
0.02220742
0.01697295
0.01751095
0.0191337
0.02160622
0.02450836
0.02176246
0.02116392
0.02487759
0.02045607
0.02686969
0.02500511
0.02597217
0.02366001
0.02241697
0.01981813
0.02201682
0.02131807
0.01790046
0.01788769
0.02222997
0.02455153
0.02547739
0.02154543
0.02529337
0.02519545
0.0257234
0.02049476
0.02558205
0.02303292
0.0212861
0.02109215
0.10268625
0.02569688
0.02120483
0.07508574
0.02207774
0.02412727
0.0400737
0.02201442
0.02112246
0.05017192
0.02113135
0.02029193
0.02355607
0.02366749
0.01617346
0.03103969
0.02439454
0.01961837
0.02392062
0.02249201
0.02053324
0.04207851
0.02158084
0.01918024
0.04475872
0.02064514
0.02126161
0.04382204
0.02264605
0.01847488
0.0282119
0.02469807
0.02154208
0.02174369
0.02011955
0.02200583
0.0335038
0.02107489
0.01719481
0.02123324
0.02388285
0.01907148
0.02474852
0.01911804
0.02320947
0.04876771
0.02856296
0.02058099
0.03461144
0.02132049
0.02202639
0.18043921
0.02450114
0.14544872
0.07142413
0.05897046
0.01751916
0.12603876
0.09739384
0.
0.
0.
0.04982335
0.03226391
0.02999607
0.02300636
0.17804497
0.02462814
0.02797733
0.02552106
0.0189079
0.02147265
0.02295298
0.02057992
0.02026914
0.04345641
0.02226111
0.01914696
0.06053927
0.02294301
0.02167934
0.03340499
0.021362
0.02366216
0.02401119
0.01795167
0.01764864
0.05077387
0.01533416
0.021445
0.03098384
0.02354952
0.02878369
0.02189207
0.02229829
0.02036638
0.04530205
0.01726153
0.02484481
0.03390471
0.01798679
0.02352766
0.02538723
0.02299973
0.02399586
0.0404634
0.02261421
0.01863533
0.0866489
0.02149137
0.02302149
0.03555564
0.02092712
0.02409464
0.06130663
0.02627813
0.02722659
0.02961071
0.0230751
0.02118611
0.02750444
0.0229547
0.02463038
0.02348308
0.07247482
0.
0.02122905
0.02446457
0.08072285
0.01901572
0.02215183
0.02361546
0.03599047
0.02230484
0.02424896
0.02173466
0.04112071
0.02554963
0.02082937
0.02315901
0.02484077
0.02552736
0.02282967
0.01666885
0.04210257
0.02356426
0.02409981
0.01802664
0.02817127
0.02634122
0.02251593
0.01994396
0.04588254
0.02727436
0.01830493
0.01999035
0.04834639
0.02376103
0.01983608
0.02195775
0.05034277
0.02726307
0.02049556
0.01971577
0.05295111
0.02731312
0.02092162
0.02213455
0.02576071
0.02282284
0.02055182
0.02040975
0.0347631
0.03124927
0.02389002
0.01768238
0.02156391
0.02392043
0.02107744
0.02254257
0.02449571
0.02723167
0.01860825
0.01900301
0.0244451
0.0279715
0.0251091
0.0213016
0.02571475
0.02528409
0.01712273
0.02400258
0.07016253
0.028272
0.17272922
0.04799374
0.07481532
0.02438153
0.02290098
0.08409746
0.08549961
0.07341341
0.
0.
0.
0.12823737
0.04836724
0.02448733
0.03606956
0.02292364
0.02526763
0.0278785
0.20063776
0.03298891
0.02196395
0.025396
0.02730039
0.03463383
0.0240129
0.02716994
0.02125416
0.0225435
0.02401505
0.02361446
0.05435486
0.02203166
0.02338665
0.02268761
0.05537591
0.02731211
0.02288415
0.0241568
0.02246381
0.02910209
0.02305832
0.02348753
0.02797973
0.02847536
0.02391105
0.02271748
0.04035441
0.02909354
0.02455927
0.02388463
0.03450018
0.02679875
0.01589002
0.02389006
0.02375829
0.0222411
0.0205292
0.01991973
0.05835785
0.03095781
0.02675904
0.02143831
0.05688554
0.02967322
0.02873691
0.02373454
0.02813417
0.02561331
0.02181831
0.0203234
0.04097817
0.02810341
0.02538327
0.02115261
0.05683725
0.02172739
0.02144157
0.02305801
0.04659009
0.02294267
0.02363217
0.02870551
0.06186859
0.02422162
0.02358819
0.02263354
0.0252254
0.03193638
0.02001972
0.02091902
0.04541475
0.02793636
0.05061681
0.02351095
0.0272306
0.18177397
0.09565569
0.0470106
0.98982725
0.03099618
0.0260685
0.16792951
0.03679624
0.02576543
0.06551688
0.024665
0.04425472
0.02874314
0.02218799
0.02425835
0.02237118
0.04406986
0.02853749
0.03517294
0.0439016
0.02765284
0.02432335
0.02778249
0.02640521
0.02447998
0.02845781
0.03091516
0.09927622
0.02421745
0.07625941
0.02809855
0.04318987
0.02590231
0.03366203
0.0284098
0.29548079
0.02634598
0.04128808
0.27805922
0.34179443
0.06820624
0.02376466
0.03187178
0.03044009
0.02199629
0.02213186
0.0244154
0.02280596
0.02964775
0.04986198
0.07499644
0.29969219
0.02057252
0.02969972
0.03348696
0.0273126
0.02416709
0.01622819
0.02398966
0.0206956
0.02032943
0.02169404
0.01878727
0.01977124
0.03839826
0.02129113
0.02219262
0.0808418
0.02502581
0.01922813
0.02786316
0.02739111
0.02798699
0.01682344
0.02175213
0.02173648
0.0217057
0.01933883
0.01901574
0.01804963
0.02611946
0.02293305
0.01822175
0.01030359
0.02006491
0.01676341
0.02353221
0.02517195
0.02163459
0.01612649
0.0168378
0.0151789
0.03117774
0.01321797
0.02044016
0.02068757
0.02037521
0.0296505
0.02156228
0.01340211
0.02849022
0.007692
0.02513711
0.02174326
0.01175609
0.0164715
0.02345256
0.02292976
0.01726618
0.02441299
0.02047222
0.01939636
0.01636998
0.03848103
0.02130028
0.0358431
0.01917986
0.02842309
0.02294818
0.02515866
0.0191403
0.0112988
0.01859
0.01897541
0.0160839
0.01027463
0.01200871
0.01331463
0.01261469
0.02006158
0.02384332
0.01381573
0.02386943
0.01772044
0.02389105
0.02031222
0.02753932
0.01119912
0.01622735
0.01422928
0.01384602
0.02146942
0.02085769
0.02505613
0.0158999
0.02242856
0.02613891
0.0173747
0.02591796
0.02227648
0.02822716
0.03208809
0.01947955
0.01489518
0.02461683
0.024156
0.0244417
0.01991031
0.02453893
0.02372198
0.02382337
0.02858617
0.02097288
0.1007407
0.02534729
0.01821034
0.09504539
0.15519198
0.01648743
0.01522899
0.02319058
0.02821963
0.02483862
0.01592812
0.01435207
0.01572592
0.01420348
0.02674483
0.18177754
0.10028287
0.03989731
0.10159197
0.14874718
0.08892817
0.03613567
0.00944163
0.02033297
0.01645686
0.01508526
0.01726497
0.02099445
0.01053595
0.01319154
0.02569537
0.02345261
0.03122149
0.02374704
0.02272398
0.02034247
0.0225202
0.02231636
0.01419228
0.02221411
0.01501854
0.02044582
0.01648454
0.01718935
0.02169028
0.01752475
0.01884209
0.01895382
0.02060098
0.01894014
0.01920167
0.01746685
0.02301692
0.01880111
0.01647162
0.01567693
0.01724743
0.01401019
0.0267963
0.02382591
0.02178487
0.03326107
0.02299358
0.02462147
0.10240005
0.02180872
0.04231388
0.21350636
0.14784853
0.01670573
0.01468709
0.02328883
0.02109883
0.0162805
0.02750972
0.01832923
0.02336412
0.0226563
0.03989197
0.02112513
0.15729064
0.0209005
0.02081758
0.02321381
0.02387657
0.01872669
0.01857488
0.0231788
0.01906421
0.01520948
0.01613823
0.01187743
0.01168438
0.01370997
0.01888565
0.02137378
0.01358575
0.01730433
0.01413005
0.01989887
0.0232455
0.01899642
0.00757763
0.02013709
0.0119437
0.01740346
0.01616463
0.01393419
0.0146489
0.0124266
0.01243254
0.01634512
0.00893084
0.01511844
0.01333979
0.01534517
0.0153996
0.00854699
0.00796082
0.01469792
0.01287917
0.01368182
0.02295693
0.02540643
0.01670125
0.01985154
0.02734922
0.02526169
0.08587349
0.01609571
0.00718013
0.05058413
0.02939015
0.01003874
0.01934243
0.02776769
0.02033344
0.01589068
0.01550398
0.01698244
0.02003042
0.01732905
0.03316665
0.02680735
0.03987106
0.02016933
0.0193124
0.02506145
0.02302561
0.02277093
0.01810519
0.02005562
0.01534561
0.01531094
0.00987155
0.01388385
0.01248615
0.00767323
0.0223113
0.02130218
0.01384592
0.017665
0.01629914
0.02048974
0.01809493
0.0143228
0.02590466
0.01970781
0.01733372
0.01252928
0.03688388
0.02543235
0.02133189
0.04293156
0.02529378
0.02728863
0.06991388
0.02032032
0.02202743
0.02677677
0.02642852
0.02263933
0.03888186
0.03155171
0.07685946
0.0231574
0.03008717
0.02798394
0.03339825
0.03297968
0.03144534
0.0240172
0.20100889
0.02616295
0.06741648
0.38815147
0.39058084
0.03830897
0.02053709
0.03290274
0.02891187
0.02471062
0.0298618
0.02034457
0.02649829
0.02712639
0.04155999
0.08456716
0.40661775
0.02579605
0.0262609
0.04892154
0.0358155
0.02199525
0.01868474
0.02976227
0.02221815
0.02160981
0.02772669
0.02562499
0.01812911
0.04929715
0.02950668
0.02713201
0.07007375
0.02737402
0.02804268
0.02410792
0.03211487
0.02905914
0.04370243
0.01976398
0.02049006
0.02278612
0.03136208
0.11525583
0.01991081
0.02714256
0.10998906
0.03205787
0.02666735
0.03619484
0.06533775
0.02856283
0.04187348
0.5898087
0.02204747
0.02137829
0.23021372
0.06357822
0.02869245
0.05599505
0.03296779
0.03045881
0.06162068
0.073079
0.02569492
0.02322842
0.03289365
0.02398911
0.06138535
0.22400261
0.02767905
0.02577183
0.10783405
0.1056472
0.07115088
0.14677302
0.02650788
0.02494071
0.19845123
0.06438221
0.02165164
0.02584701
0.0245954
0.02645377
0.04201217
0.04777255
0.02815918
0.02486985
0.03058019
0.07356901
0.04424964
0.17228665
0.03097054
0.02467132
0.19786875
0.02777927
0.03032449
0.02482793
0.02858666
0.02417234
0.055093
0.08236681
0.02718083
0.02557287
0.14590192
0.04081709
0.08729197
0.14294782
0.0270729
0.02551038
0.08023562
0.04005502
0.02438176
0.02163875
0.02552389
0.02598027
0.03721593
0.07803018
0.02265875
0.02086336
0.05970137
0.05704537
0.02777373
0.02375427
0.02406829
0.02328671
0.02019672
0.02257421
0.02204264
0.0263764
0.02613291
0.02958936
0.02852037
0.02749898
0.02443091
0.02488921
0.0295851
0.02678129
0.03068763
0.03227419
0.08289356
0.07619013
0.03417659
0.0281579
0.03615365
0.02445501
0.02543384
0.02194807
0.02476434
0.02708746
0.02499878
0.02627645
0.02413201
0.02244553
0.02351538
0.02512617
0.02524006
0.02964872
0.02706599
0.02508305
0.02542288
0.02430015
0.06242392
0.02872889
0.02366406
0.17555217
0.02963988
0.04472449
0.02718992
0.02651007
0.02219934
0.02356856
0.02209484
0.02201921
0.06850757
0.03644641
0.01949605
0.02890946
0.02915516
0.02461674
0.03075245
0.03776147
0.02831603
0.0286074
0.02661487
0.0257058
0.02227311
0.02541703
0.02319398
0.02810429
0.02656868
0.02263812
0.05415582
0.03025249
0.02565061
0.17497493
0.03057175
0.03505842
0.06543017
0.03411357
0.02984813
0.02337692
0.02295422
0.0243346
1.
0.51812469
0.12444608
0.02739071
0.03020475
0.02912844
