1114
558
963
88
87
1115
926
914
913
18
594
606
590
100
593
84
966
979
785
910
478
988
1004
733
555
317
332
1075
1105
460
1001
561
176
798
722
178
737
786
985
1014
319
1017
179
471
323
1116
181
953
956
982
983
266
782
736
718
734
582
324
556
721
738
1016
374
846
466
925
465
1050
1011
622
394
1020
1027
902
584
1051
269
605
462
58
57
999
99
467
86
973
390
48
320
984
458
942
42
894
1084
595
912
564
22
1108
103
960
989
967
1072
542
972
978
380
68
344
73
1030
190
321
518
1031
522
534
969
494
1010
490
1102
177
430
175
97
353
552
849
426
275
604
328
939
929
311
472
422
461
995
52
557
188
538
418
550
362
290
1077
566
1000
571
574
293
948
341
586
891
784
410
287
994
962
924
592
402
530
1015
371
506
85
272
1021
735
796
862
32
900
668
619
915
1091
21
1026
46
888
562
1085
959
1054
739
474
398
670
930
377
573
1107
35
438
483
314
510
76
1052
1109
81
38
365
588
302
609
347
906
779
860
49
479
907
970
917
976
1049
329
946
706
957
547
82
597
36
901
908
19
952
4
439
750
647
281
559
356
1002
519
581
95
1090
1048
998
1106
971
598
1006
1103
51
1118
904
17
330
920
1110
72
933
608
523
652
1067
603
1076
383
1041
1046
940
10
850
1088
1119
499
507
947
918
1087
104
358
567
524
1073
47
541
968
83
1093
1008
716
312
961
572
1042
655
503
45
580
672
89
589
80
1092
459
705
726
187
296
414
996
1053
526
1099
531
585
944
627
905
502
334
451
65
551
477
625
577
1005
1032
853
936
980
575
2
189
31
691
792
386
1043
3
39
626
1117
943
844
431
610
495
482
893
419
71
427
447
554
382
1078
1012
485
955
941
923
1059
1018
1068
193
101
90
75
244
56
861
511
776
163
1047
897
520
732
958
1094
92
1100
1079
986
11
922
173
1
993
898
578
1039
591
415
381
1061
928
27
911
12
701
1040
635
560
26
43
171
1025
246
703
884
587
141
991
927
981
563
434
260
454
1095
267
748
974
74
37
1104
937
527
262
1013
403
407
1024
335
1019
256
191
1056
889
1070
1097
841
481
368
532
719
128
892
258
455
476
845
62
1066
546
259
226
79
642
0
674
657
1065
452
1069
865
698
623
245
1060
157
168
987
50
1045
148
242
997
78
364
223
406
727
151
1007
70
41
1058
308
919
55
297
1003
565
388
333
781
107
127
709
1089
992
508
255
713
239
204
318
446
77
473
67
579
96
393
225
160
1055
450
711
1044
601
664
282
1022
463
174
16
9
1113
149
576
1071
230
569
400
54
146
543
583
29
228
1009
611
497
710
135
1062
271
24
945
412
379
1034
909
488
484
350
457
370
613
977
69
284
443
212
504
689
513
440
509
306
802
687
685
777
715
596
423
514
1033
751
525
44
714
7
25
279
1074
349
247
196
540
150
192
397
489
125
544
1081
411
30
114
278
357
214
641
367
1064
553
156
501
389
203
749
661
492
1111
794
152
789
1035
199
162
818
975
172
221
801
310
1098
725
63
805
405
206
903
137
116
384
500
537
263
28
866
376
770
331
369
780
840
387
1112
338
673
345
539
636
662
475
140
112
464
496
408
435
602
23
951
867
129
158
752
505
224
493
213
1028
795
294
899
1101
545
372
1037
487
108
445
754
416
285
218
498
98
227
1063
700
248
136
118
570
154
216
755
876
399
5
360
704
1096
342
208
515
254
934
757
234
1080
621
568
166
396
433
600
170
1082
195
270
964
1038
491
896
316
1083
250
273
164
301
599
931
480
425
217
1057
194
143
359
198
233
528
783
778
240
8
147
629
299
658
630
124
401
535
139
631
616
762
346
990
211
1023
643
207
64
935
238
288
442
653
257
298
375
145
337
696
122
355
536
521
965
813
348
232
890
315
251
159
877
453
669
620
200
264
292
486
215
305
392
268
385
167
241
533
276
797
274
790
265
444
303
113
59
745
717
15
378
432
549
14
799
169
1029
697
33
404
800
144
202
614
650
291
13
766
313
339
607
436
60
220
916
286
516
138
428
261
950
881
665
205
161
91
243
759
649
106
437
651
361
921
753
854
741
615
529
895
690
277
340
1036
40
863
821
131
300
639
684
197
869
115
858
548
421
417
133
517
954
712
53
66
817
34
843
424
142
249
109
102
618
949
429
885
120
283
180
1086
707
229
666
93
155
852
632
864
231
624
130
768
289
671
222
343
675
237
309
121
307
806
633
395
449
819
678
119
765
117
767
153
132
111
336
812
105
764
771
617
110
6
803
932
373
448
677
210
804
295
182
793
209
420
123
201
637
720
94
938
868
219
882
634
413
366
61
351
134
252
253
126
688
441
879
352
763
322
236
769
823
702
886
859
815
663
744
363
165
774
304
761
456
857
235
645
628
640
787
842
409
723
760
772
660
742
667
829
880
791
612
693
280
824
808
644
847
679
728
699
855
512
730
773
856
834
870
833
354
871
724
807
646
831
743
758
708
837
788
826
729
883
694
731
756
816
775
825
873
695
878
686
811
839
814
654
832
682
648
747
838
683
887
874
828
827
681
822
809
659
810
676
692
746
638
680
851
872
740
830
835
836
656
875
820
848
20
183
184
185
186
325
326
327
391
468
469
470
